34
NULL 0 NULL 0
Joined 0 0,255,0,255,0,0,0,0,0,0 NULL 0 0 0 	# Joined [4a 6f 69 6e 65 64 ]
|Broken|0|1 0 0,255,0,255,0,0,0,0,0,0 NULL 0 0 0 	# Broken
7 8 0,255,0,255,0,0,0,0,0,0 NULL 3 0 0 	# 7 [37 ]0
3 8 0,255,0,255,0,0,0,0,0,0 NULL 4 0 0 	# 3 [33 ]0
5 8 0,255,0,255,0,0,0,0,0,0 NULL 5 0 0 	# 5 [35 ]0
2 8 0,255,0,255,0,0,0,0,0,0 NULL 6 0 0 	# 2 [32 ]0
U 5 0,255,0,255,0,0,0,0,0,0 NULL -1 0 0 	# U [55 ]A
N 5 0,255,0,255,0,0,0,0,0,0 NULL -1 0 0 	# N [4e ]A
F 5 0,255,0,255,0,0,0,0,0,0 NULL -1 0 0 	# F [46 ]A
R 5 0,255,0,255,0,0,0,0,0,0 NULL -1 0 0 	# R [52 ]A
A 5 0,255,0,255,0,0,0,0,0,0 NULL -1 0 0 	# A [41 ]A
8 8 0,255,0,255,0,0,0,0,0,0 NULL 12 0 0 	# 8 [38 ]0
K 5 0,255,0,255,0,0,0,0,0,0 NULL -1 0 0 	# K [4b ]A
S 5 0,255,0,255,0,0,0,0,0,0 NULL -1 0 0 	# S [53 ]A
X 5 0,255,0,255,0,0,0,0,0,0 NULL -1 0 0 	# X [58 ]A
Y 5 0,255,0,255,0,0,0,0,0,0 NULL -1 0 0 	# Y [59 ]A
P 5 0,255,0,255,0,0,0,0,0,0 NULL -1 0 0 	# P [50 ]A
E 5 0,255,0,255,0,0,0,0,0,0 NULL -1 0 0 	# E [45 ]A
Q 5 0,255,0,255,0,0,0,0,0,0 NULL -1 0 0 	# Q [51 ]A
W 5 0,255,0,255,0,0,0,0,0,0 NULL -1 0 0 	# W [57 ]A
Z 5 0,255,0,255,0,0,0,0,0,0 NULL -1 0 0 	# Z [5a ]A
B 5 0,255,0,255,0,0,0,0,0,0 NULL -1 0 0 	# B [42 ]A
4 8 0,255,0,255,0,0,0,0,0,0 NULL 23 0 0 	# 4 [34 ]0
T 5 0,255,0,255,0,0,0,0,0,0 NULL -1 0 0 	# T [54 ]A
M 5 0,255,0,255,0,0,0,0,0,0 NULL -1 0 0 	# M [4d ]A
6 8 0,255,0,255,0,0,0,0,0,0 NULL 26 0 0 	# 6 [36 ]0
G 5 0,255,0,255,0,0,0,0,0,0 NULL -1 0 0 	# G [47 ]A
C 5 0,255,0,255,0,0,0,0,0,0 NULL -1 0 0 	# C [43 ]A
9 8 0,255,0,255,0,0,0,0,0,0 NULL 29 0 0 	# 9 [39 ]0
H 5 0,255,0,255,0,0,0,0,0,0 NULL -1 0 0 	# H [48 ]A
J 5 0,255,0,255,0,0,0,0,0,0 NULL -1 0 0 	# J [4a ]A
D 5 0,255,0,255,0,0,0,0,0,0 NULL -1 0 0 	# D [44 ]A
V 5 0,255,0,255,0,0,0,0,0,0 NULL -1 0 0 	# V [56 ]A
